73	53	93	54
6	9	74	93
72	58	3	27
68	57	73	61
88	31	10	7
63	29	87	51
59	24	3	75
55	72	43	40
33	76	95	90
41	16	86	89
40	90	81	90
28	19	3	17
13	35	90	15
34	30	21	70
24	72	14	3
86	14	60	26
8	81	57	99
71	18	78	47
84	33	56	56
79	38	71	78
20	13	99	35
53	38	32	98
19	93	26	69
32	53	66	92
5	61	92	27
10	100	25	39
36	40	58	29
79	86	75	69
75	18	73	73
44	62	27	98
80	45	2	62
99	22	67	33
24	89	29	90
56	71	23	15
90	64	27	26
71	51	35	53
62	78	23	64
70	14	27	3
57	72	1	6
29	40	32	61
40	20	85	78
8	91	67	77
15	29	69	72
24	21	5	55
40	91	15	13
23	20	41	77
73	81	28	84
63	7	100	8
84	4	65	37
73	47	97	14
55	25	36	37
24	23	6	24
71	57	52	47
57	78	94	76
22	67	59	49
37	10	44	41
43	23	79	17
26	47	22	72
59	51	79	8
30	45	86	9
27	60	48	12
19	44	74	63
49	92	33	46
74	15	60	100
34	65	97	75
3	51	51	30
22	16	93	42
62	78	65	14
31	69	1	75
86	55	34	34
33	31	14	25
58	25	75	12
51	68	18	43
63	83	19	51
50	1	92	55
65	15	75	93
68	35	4	10
26	63	81	92
72	98	66	87
95	86	94	45
88	28	93	76
43	56	97	55
61	73	87	68
11	23	18	46
71	6	21	43
90	75	76	10
74	14	7	6
24	58	74	59
68	55	58	64
25	78	49	18
91	41	54	10
65	15	75	46
55	66	60	23
24	74	20	10
47	52	99	83
57	22	84	90
59	36	62	59
63	26	65	77
85	15	47	78
75	15	64	89
41	7	44	72
90	41	15	22
100	48	74	85
2	37	15	93
62	66	69	83
85	57	34	54
20	53	47	88
65	66	64	50
29	51	78	100
94	18	19	62
56	22	3	4
75	100	17	4
85	48	75	35
93	1	84	5
13	36	95	78
67	11	32	3
9	80	14	96
23	47	1	90
77	79	90	84
45	35	13	8
90	51	98	11
50	9	44	58
70	98	88	20
10	10	70	78
77	81	42	70
37	20	8	50
4	67	6	66
66	97	22	86
1	45	14	87
13	100	73	88
75	38	20	28
13	94	99	4
35	88	100	67
71	74	51	17
33	83	4	17
90	24	96	56
89	97	29	56
57	40	32	25
46	54	58	61
16	97	51	63
59	13	26	2
77	57	14	9
75	61	97	48
20	32	29	39
96	48	24	22
50	62	89	19
39	30	2	35
74	2	14	5
2	98	5	52
27	20	57	91
29	71	85	33
90	11	69	51
92	3	75	85
1	14	25	98
21	61	4	93
1	32	88	40
22	28	86	60
1	11	5	66
36	70	90	80
21	91	22	5
78	62	13	25
1	79	58	42
51	48	31	47
79	30	78	51
81	59	96	73
82	70	28	26
48	46	96	31
3	1	25	69
36	3	62	98
44	75	85	76
41	89	95	10
61	29	96	63
77	85	45	30
85	93	74	71
37	60	89	41
38	70	37	100
82	49	45	39
12	56	26	48
6	3	47	51
76	20	18	92
56	99	47	47
27	15	73	7
40	97	53	74
11	43	4	13
63	33	16	50
91	19	95	93
92	96	86	6
25	60	39	72
20	5	62	67
3	64	14	23
65	94	63	15
5	48	37	2
89	9	46	41
89	38	83	16
12	45	58	11
1	51	46	49
21	55	50	8
8	87	79	80
32	40	95	21
89	48	8	80
97	20	20	28
85	63	61	34
95	98	75	4
43	7	1	86
20	76	46	10
21	69	47	89
85	82	81	51
51	61	14	32
18	79	60	40
35	30	7	53
56	71	49	45
53	2	32	93
29	14	67	67
27	41	37	28
43	96	45	19
29	83	64	31
33	93	48	53
12	93	45	81
80	71	24	14
53	31	82	99
6	21	87	84
13	72	2	99
30	91	79	69
87	78	12	72
68	30	98	39
91	51	61	20
76	79	10	92
74	55	8	12
97	34	78	5
58	34	94	83
51	98	42	5
14	18	43	3
87	76	37	37
30	34	19	17
46	56	39	3
56	16	10	17
39	57	38	69
49	21	23	34
67	14	91	33
8	74	100	44
70	23	73	49
58	17	100	43
79	44	87	85
18	85	97	23
48	6	18	6
33	39	26	27
90	77	39	12
54	62	35	40
86	99	76	38
73	82	18	26
1	82	92	59
25	88	59	32
47	67	91	85
74	72	93	9
56	5	7	16
29	2	7	90
44	12	72	28
56	91	74	100
35	20	71	21
71	49	95	70
98	26	61	6
77	55	20	10
60	29	65	16
42	65	63	33
19	91	45	94
51	98	53	39
86	2	30	25
31	72	70	28
48	15	27	52
16	78	51	59
73	51	41	88
29	55	7	54
61	36	83	19
52	87	61	60
44	100	29	69
74	69	56	49
60	36	4	66
91	99	34	38
1	62	66	88
3	5	93	68
88	62	8	56
65	78	97	5
63	54	59	40
35	55	79	46
1	17	94	29
29	58	95	87
62	90	7	74
69	48	2	100
31	11	65	81
16	86	73	65
92	99	54	69
54	74	44	55
20	31	38	11
64	99	77	39
84	10	10	12
99	37	58	2
82	62	45	76
57	36	83	62
86	61	35	79
55	92	61	53
3	75	88	27
18	74	52	89
26	42	79	65
14	68	8	31
14	10	35	43
75	66	44	95
76	48	41	10
29	43	6	12
75	2	95	21
60	66	89	78
66	4	78	87
70	58	36	58
34	9	1	36
9	25	9	58
41	86	93	59
36	25	8	23
51	74	53	51
57	83	62	86
1	96	26	83
86	81	37	88
11	96	69	11
79	14	53	7
73	69	40	43
40	64	29	19
36	47	12	55
68	7	92	8
58	72	18	25
33	8	3	89
94	77	93	61
36	65	97	34
82	60	38	87
47	7	95	59
12	8	32	9
9	28	49	6
94	65	69	72
66	49	40	3
53	35	83	54
94	50	46	83
79	56	17	69
3	38	85	35
69	46	21	98
97	6	75	85
55	70	1	23
74	44	67	60
76	53	79	28
24	11	9	60
98	3	5	61
57	2	3	88
16	30	16	83
66	49	72	25
69	53	13	26
49	97	68	24
22	68	93	68
93	60	21	28
38	64	4	58
12	43	15	10
50	5	90	17
60	64	7	7
17	24	10	74
82	3	88	27
67	60	100	89
36	82	96	85
57	14	60	76
40	58	56	56
90	73	98	95
21	71	6	94
73	50	88	99
37	90	7	88
33	29	88	35
76	13	87	77
81	32	48	63
33	99	61	82
45	86	99	74
25	3	100	73
35	96	80	97
23	82	62	87
10	18	21	26
19	100	83	70
56	4	9	54
14	82	3	45
83	7	51	76
1	71	32	40
47	98	17	4
83	77	97	70
26	99	33	70
38	76	18	81
53	46	92	16
70	18	14	19
45	88	2	30
32	40	80	93
83	78	14	88
75	71	20	17
71	85	30	60
72	99	60	83
100	40	55	29
49	69	93	76
4	38	40	24
66	8	99	21
47	42	64	24
8	59	28	81
39	66	97	20
48	40	27	81
42	64	64	47
63	91	6	93
87	10	54	74
70	61	35	90
35	45	51	97
62	74	23	31
16	81	13	23
71	25	38	71
4	14	13	33
32	64	58	26
26	12	4	66
66	46	67	70
33	58	32	67
41	45	98	25
55	52	4	58
88	29	17	81
38	73	65	59
67	21	11	13
52	56	26	90
34	15	14	29
99	61	35	31
18	90	53	74
86	65	96	94
52	61	42	31
97	58	46	40
40	1	98	36
75	68	72	66
49	77	6	34
1	62	55	53
50	31	32	99
71	75	14	20
60	68	15	55
48	30	41	84
7	17	31	12
23	26	72	63
70	16	54	66
38	47	19	92
26	77	62	54
42	2	76	83
12	87	36	75
21	33	41	34
59	80	52	20
57	18	36	69
67	95	10	53
64	44	91	3
82	10	92	86
7	10	86	17
85	33	40	92
100	8	68	61
57	20	49	74
25	76	33	1
12	41	15	45
83	53	25	74
12	33	86	30
21	33	72	89
88	16	48	68
68	99	51	8
37	60	100	75
85	87	40	39
57	48	83	50
60	74	48	63
80	96	36	76
92	30	34	90
65	59	10	10
52	31	7	75
20	17	8	34
87	55	61	26
29	88	33	86
94	10	6	73
87	61	42	66
85	63	83	39
98	33	93	68
30	37	6	95
71	99	21	72
72	23	100	48
14	63	30	22
27	31	84	7
35	97	27	33
94	40	11	89
73	25	16	73
67	53	86	49
53	23	99	24
38	63	69	54
28	75	77	54
2	17	84	15
85	68	98	64
52	50	24	95
23	21	36	96
51	37	78	58
50	87	46	92
54	80	16	98
30	82	65	80
84	57	22	11
57	11	27	73
59	27	77	3
61	42	53	69
27	89	36	70
89	7	46	51
82	22	63	22
25	76	68	49
70	65	58	2
12	76	72	100
89	86	21	8
79	85	98	92
17	73	79	86
95	43	12	79
62	54	9	7
56	11	33	53
40	15	46	26
47	20	68	18
6	35	51	6
69	23	35	31
27	83	19	13
51	40	91	31
94	52	86	100
30	47	61	26
15	98	51	48
37	36	83	31
44	75	64	13
38	38	93	22
5	92	86	2
17	63	56	4
54	57	91	19
33	70	58	16
51	48	48	68
100	52	16	40
41	100	53	69
42	64	89	10
32	6	32	40
47	5	51	3
75	42	98	70
75	25	43	63
91	9	12	35
32	38	64	42
40	14	91	7
18	100	20	52
15	83	27	96
14	34	79	73
51	68	75	17
2	35	37	36
51	51	86	26
24	75	20	1
2	17	44	26
99	51	88	44
57	79	32	53
73	60	53	22
35	3	49	51
16	73	80	65
51	36	31	28
40	59	1	49
22	53	35	96
60	15	45	57
79	82	82	23
65	91	25	71
13	85	14	70
71	19	7	93
85	50	23	74
58	8	94	25
35	33	69	72
13	83	41	12
33	12	15	26
28	77	79	2
80	30	94	13
88	53	5	39
99	67	85	33
52	59	61	98
65	60	1	12
3	10	87	72
76	89	94	82
30	36	68	83
66	95	86	96
46	53	83	52
94	46	83	15
88	31	35	59
98	38	80	72
5	66	24	14
20	4	67	36
57	1	43	84
9	3	91	84
37	6	88	76
50	60	81	67
75	1	96	76
82	7	46	89
69	62	56	52
13	17	98	66
42	13	99	58
17	22	15	26
11	2	85	52
95	8	60	23
90	45	19	66
85	7	72	21
41	92	55	85
22	49	68	15
79	28	72	18
66	13	51	82
29	42	63	56
84	55	13	74
22	50	3	63
62	30	59	85
41	4	29	80
56	57	76	20
88	20	49	71
36	48	69	35
20	58	85	97
33	84	24	44
23	16	27	29
53	11	32	12
39	79	2	13
26	51	35	21
41	1	70	94
31	6	88	78
34	40	100	94
50	93	62	47
20	46	13	98
11	66	24	12
75	23	83	58
81	28	24	39
78	16	97	44
41	72	51	23
84	36	70	25
56	30	98	42
37	25	51	6
33	29	16	31
76	87	68	17
23	5	25	74
8	19	40	41
94	16	12	3
49	53	30	23
52	17	34	4
81	60	87	32
23	100	38	76
62	57	55	67
71	29	93	51
53	18	45	35
38	56	51	29
29	16	17	55
87	60	22	16
61	60	54	93
42	17	19	77
13	43	19	10
80	41	97	33
75	30	59	47
84	52	72	56
36	53	15	52
73	94	49	39
18	61	74	89
13	82	48	69
64	36	68	45
50	31	42	42
44	92	49	28
20	62	64	82
16	73	26	89
11	100	18	55
47	97	98	23
53	10	73	10
70	63	26	75
99	29	54	45
60	97	28	41
77	12	63	10
10	54	57	7
2	51	10	63
20	31	67	33
99	24	19	39
31	11	30	53
51	42	89	71
2	58	24	38
55	74	70	20
77	23	59	38
36	39	81	48
38	46	98	95
95	70	65	92
62	81	66	88
21	59	80	1
33	90	68	26
65	11	83	6
82	69	54	62
88	45	47	62
2	52	54	21
97	58	97	67
26	76	9	26
88	88	35	49
52	59	8	38
2	100	34	94
16	60	72	34
11	84	44	70
50	39	52	7
10	92	67	47
45	28	25	40
98	12	8	15
4	94	43	14
91	97	65	23
5	63	1	29
3	69	7	82
22	8	80	71
92	49	84	46
91	62	44	51
73	48	90	57
65	68	74	40
74	5	41	10
62	99	99	67
84	37	20	55
3	38	6	78
49	37	86	60
42	37	52	1
15	29	51	45
22	79	5	88
65	39	57	91
21	32	86	51
38	98	27	12
29	79	1	22
9	90	55	68
69	83	41	59
93	42	33	91
86	38	3	57
61	9	25	29
60	88	30	12
32	68	68	84
8	16	93	43
57	11	7	83
64	86	74	71
78	74	97	61
25	19	55	90
33	73	46	97
27	100	15	64
76	23	35	89
36	96	80	40
45	17	12	87
66	85	63	98
71	65	26	71
95	87	21	67
5	94	30	10
11	37	42	55
7	95	54	95
8	79	52	83
73	25	16	59
39	80	91	33
88	10	33	60
93	35	37	73
42	49	88	83
54	19	92	9
100	87	76	7
13	23	6	72
6	99	18	32
9	52	40	25
44	88	93	4
51	17	36	85
14	97	55	90
51	75	14	94
68	24	2	62
81	34	70	56
82	65	46	69
34	16	37	57
6	70	9	38
71	84	71	61
47	13	30	94
17	47	93	51
8	3	17	59
66	88	100	32
77	31	56	77
27	96	80	40
53	56	66	100
80	22	94	100
10	87	37	21
28	80	86	62
73	43	30	1
82	91	12	28
56	62	89	74
39	27	90	93
2	81	15	98
71	71	1	2
30	92	19	39
34	56	93	22
41	34	83	50
68	26	9	55
86	47	65	22
48	57	30	19
66	24	82	51
15	23	66	88
39	33	88	89
29	79	23	40
35	22	99	74
82	14	7	79
58	35	78	76
6	38	13	40
96	87	42	7
79	23	100	48
46	25	71	75
58	12	73	80
84	60	53	39
28	6	98	62
42	51	34	64
2	11	75	3
74	3	38	59
84	22	100	32
95	62	85	69
86	41	75	63
35	37	78	9
80	70	32	13
90	94	94	39
44	66	32	53
81	15	73	1
73	40	47	46
93	8	28	80
9	57	56	44
81	60	13	41
86	2	52	92
89	44	78	54
100	84	18	3
36	85	74	29
98	65	80	5
47	55	80	29
28	62	100	55
46	29	58	82
21	60	83	66
78	42	10	19
97	31	48	83
28	52	34	67
32	25	34	34
92	12	48	21
96	10	87	72
52	79	60	69
66	51	23	43
39	50	77	89
76	20	71	47
5	72	79	21
51	56	86	51
91	71	23	13
81	30	40	56
20	97	48	43
88	98	36	23
27	6	83	81
3	66	87	10
8	56	31	95
16	48	71	40
81	64	76	39
33	20	89	89
27	48	41	97
55	78	60	11
22	50	40	99
29	75	24	50
59	48	61	18
59	78	48	93
15	99	60	81
17	9	51	76
66	64	4	91
65	15	6	59
13	60	3	65
4	49	80	59
14	59	39	76
64	2	51	63
50	92	87	3
65	69	71	25
10	75	82	29
67	57	22	36
13	64	75	3
29	69	70	2
27	40	11	28
66	25	42	68
25	78	12	12
72	72	64	74
1	90	65	25
77	29	68	45
48	5	12	17
10	73	18	61
11	46	12	89
37	50	48	6
92	3	15	97
9	57	68	81
27	20	27	24
93	14	24	20
3	11	6	9
54	73	37	70
99	79	76	18
85	74	31	22
64	42	30	54
50	35	90	30
73	62	70	10
51	73	8	98
7	10	4	17
46	96	12	100
13	11	69	28
20	43	73	54
94	92	50	20
60	80	41	11
23	93	8	43
94	52	66	56
74	75	20	26
61	29	47	3
61	42	37	36
50	2	78	37
59	3	30	71
65	100	16	50
100	61	96	72
32	51	15	22
46	88	44	88
59	73	51	5
69	24	29	46
18	29	17	2
89	64	99	52
93	53	44	18
81	97	43	2
42	17	86	9
40	21	79	65
77	66	54	45
11	87	48	73
12	63	98	30
93	11	16	52
72	69	87	4
62	51	67	24
24	16	55	91
47	87	7	43
48	84	10	18
10	28	58	61
9	100	63	75
90	17	1	6
97	91	13	86
82	58	44	7
68	67	1	22
90	51	8	1
86	8	69	15
92	79	89	70
68	10	39	51
35	82	67	85
42	97	91	54
36	35	83	4
31	46	78	20
39	13	58	68
59	49	77	94
28	9	66	8
2	3	99	89
26	90	36	37
34	52	6	59
49	62	66	36
11	22	26	43
5	91	5	4
31	8	48	89
53	61	2	59
47	8	59	62
77	10	40	20
43	91	9	66
36	96	78	91
36	15	73	32
85	24	19	55
27	82	18	51
67	13	18	72
83	87	33	58
15	54	80	96
92	43	2	89
90	91	1	43
54	34	1	26
37	46	35	63
37	55	64	87
62	16	99	19
85	4	68	73
42	82	55	89
64	56	49	31
22	66	84	17
6	82	77	6
41	56	25	62
6	7	95	13
100	62	7	2
36	80	27	100
98	25	71	62
25	74	82	4
98	96	50	33
72	6	27	1
36	82	26	63
100	27	40	46
99	3	15	57
28	93	30	95
53	92	88	17
88	77	72	6
56	57	76	13
66	81	54	79
32	100	16	85
39	78	21	90
87	17	35	22
36	38	8	49
46	62	32	84
73	64	10	3
71	47	41	96
75	24	55	61
36	99	17	90
56	52	37	35
99	94	9	8
95	99	74	85
65	48	58	49
34	17	75	3
16	73	98	26
81	22	44	100
1	26	29	36
42	40	60	65
68	41	35	51
46	45	33	23
9	86	32	35
77	27	76	48
44	48	12	4
64	42	56	97
73	2	36	58
99	100	86	88
8	37	69	45
86	42	32	71
86	77	85	64
26	81	28	88
47	64	34	18
3	76	38	20
38	3	18	88
3	14	99	39
45	40	79	66
48	48	99	65
73	78	11	58
74	38	57	35
22	55	34	99
62	84	89	25
32	80	60	76
60	90	79	42
29	2	26	39
57	16	34	51
55	84	41	32
18	36	43	42
46	85	41	17
39	56	81	90
59	25	39	62
54	42	74	21
96	45	84	100
10	66	26	48
35	66	19	6
91	17	85	27
6	68	94	44
87	84	61	18
80	77	76	21
94	69	98	33
72	34	53	63
75	49	60	58
13	78	12	15
48	56	13	66
57	74	52	76
6	84	19	76
88	1	54	68
4	9	29	11
69	3	83	72
6	32	27	48
29	56	65	7
86	51	32	90
47	53	21	15
70	40	3	6
56	62	10	79
63	55	99	12
56	37	89	10
68	18	6	58
55	52	31	72
2	20	80	56
15	43	57	41
63	13	55	83
89	86	42	89
51	21	75	75
47	95	39	32
15	27	57	9
63	32	13	88
92	62	36	91
28	79	90	47
80	70	25	24
76	63	8	1
28	72	31	65
67	37	87	60
80	92	99	21
13	62	97	13
99	12	71	66
78	67	64	13
89	17	92	77
51	81	47	78
20	74	40	50
65	45	88	90
1	10	37	85
91	46	82	46
66	89	77	92
33	96	83	47
97	10	100	17
90	93	34	74
52	65	52	32
66	8	32	83
33	82	4	49
27	100	72	60
42	20	98	4
80	83	51	80
68	31	50	70
60	33	14	40
4	45	61	73
27	81	47	77
62	47	43	21
50	66	6	45
83	44	40	69
55	70	40	67
25	75	76	20
80	4	19	51
41	58	78	92
97	35	42	54
34	31	53	28
53	7	77	83
14	53	53	71
43	33	53	90
44	77	52	2
98	64	85	35
17	45	55	26
66	17	55	42
81	83	21	13
4	62	20	7
4	1	10	77
1	49	10	93
13	26	67	15
89	69	13	38
15	79	77	28
29	67	67	53
32	10	46	100
29	47	25	81
42	41	16	6
45	38	82	20
51	12	70	83
73	6	55	19
55	48	25	18
4	37	70	75
67	61	61	62
46	67	39	29
70	69	44	12
91	62	66	40
17	75	41	10
6	94	11	17
29	17	29	68
6	26	35	34
40	45	78	5
6	53	28	35
26	76	100	93
7	21	63	28
10	48	52	65
59	7	66	37
68	14	88	24
77	56	17	50
93	74	33	57
87	34	74	56
56	45	86	10
14	23	7	42
31	92	87	3
54	26	53	69
38	86	38	78
11	29	14	6
49	48	24	41
48	70	53	78
26	99	58	30
16	54	29	31
4	62	79	56
93	4	53	63
28	7	56	74
97	100	51	44
47	58	91	7
57	75	82	50
46	43	86	64
51	44	67	54
32	80	1	67
86	66	56	40
71	13	63	20
89	86	100	83
50	73	86	54
97	98	65	55
92	53	73	78
29	76	47	8
19	64	58	11
95	69	15	13
4	32	24	67
57	45	94	92
22	77	51	37
4	26	8	22
98	11	41	93
4	96	64	44
65	15	29	53
21	77	46	53
5	11	98	94
96	27	79	100
14	66	41	42
20	21	10	5
99	59	93	30
78	81	83	41
22	1	68	70
40	91	87	25
91	17	27	72
84	94	7	39
84	80	93	100
9	10	7	82
30	17	5	76
85	23	93	43
95	24	21	85
20	30	61	77
24	3	38	74
30	5	34	7
34	54	10	73
73	51	92	2
53	51	1	55
8	73	4	97
93	28	87	28
49	8	37	45
66	88	97	65
79	97	65	18
14	94	43	26
84	77	45	96
62	72	51	33
49	24	99	35
70	20	74	17
42	26	82	94
71	51	2	84
68	28	69	64
89	89	84	98
43	84	25	7
17	90	87	2
5	7	25	5
56	9	43	90
57	6	13	83
67	87	61	73
25	64	67	27
13	87	66	86
82	84	59	59
43	47	74	27
86	72	70	31
5	91	35	29
31	37	88	91
3	73	85	77
68	62	57	38
41	68	77	29
14	97	5	30
76	81	5	35
26	67	47	48
7	98	91	47
69	81	42	6
92	20	90	85
79	57	45	49
11	53	60	70
74	66	59	44
6	98	91	76
53	60	26	98
26	60	12	21
63	96	55	97
92	12	88	61
29	5	4	94
36	75	93	53
13	52	19	3
51	94	48	14
96	49	54	95
41	89	90	85
63	23	68	78
33	62	57	77
35	58	11	27
79	4	79	48
57	58	58	39
99	23	90	21
96	22	69	23
84	49	2	64
55	17	4	25
78	75	18	79
45	52	59	89
61	85	11	72
76	25	14	39
69	17	65	64
38	73	28	70
11	17	76	30
68	22	6	54
42	92	8	29
49	60	66	85
53	98	4	27
8	96	25	38
91	57	67	62
14	26	62	29
87	86	48	62
81	78	77	60
75	42	88	65
6	18	92	39
31	20	15	86
51	52	65	93
77	50	99	57
77	34	18	67
12	79	52	58
21	49	74	27
6	29	62	71
94	34	67	62
60	87	4	61
83	100	59	25
66	76	3	60
70	80	76	67
8	32	28	62
50	56	13	35
54	76	93	91
56	24	76	66
56	19	88	23
32	77	45	65
74	28	2	20
1	35	99	53
100	48	53	97
68	96	27	41
9	27	37	88
64	16	7	41
11	61	66	51
14	40	48	79
52	60	77	80
28	98	99	36
87	40	39	98
81	6	35	14
58	64	69	52
35	27	20	48
27	53	37	1
11	39	4	7
32	99	16	29
28	71	93	31
10	11	2	22
5	64	21	21
35	63	92	65
44	8	85	80
10	73	68	22
84	1	50	95
96	23	76	45
81	44	71	7
26	98	74	6
55	78	38	21
48	55	55	8
99	83	67	31
98	43	70	69
80	88	17	30
64	90	10	82
39	34	64	97
92	91	98	66
15	34	61	18
33	89	76	52
65	9	99	55
43	28	21	89
6	60	21	53
57	19	73	28
58	4	21	68
38	52	8	75
98	46	60	70
99	29	61	40
79	25	10	19
14	37	13	62
38	75	93	19
1	71	75	48
93	26	43	30
24	60	26	48
91	21	96	32
46	56	75	98
79	61	22	26
46	27	27	64
65	68	34	99
16	35	50	83
18	57	98	8
76	46	71	82
46	10	70	52
87	37	51	94
9	27	97	43
31	95	29	79
26	46	39	34
60	98	93	62
42	89	44	20
64	40	100	92
82	63	96	71
58	16	38	36
66	39	69	46
39	35	64	44
46	3	8	25
34	31	93	83
14	24	22	13
77	74	85	8
72	69	33	37
39	46	74	6
72	30	53	64
41	8	50	8
77	9	17	3
41	15	24	23
25	26	33	22
85	20	25	92
14	70	15	6
90	72	54	81
61	52	34	39
59	62	46	63
84	81	54	98
92	45	35	60
61	11	57	52
34	86	93	72
51	13	2	38
19	93	71	58
48	43	86	10
91	56	37	98
29	14	20	80
93	51	45	26
33	58	3	41
15	28	15	91
28	41	6	12
26	23	26	94
43	87	77	49
79	53	69	58
63	14	5	11
84	33	23	59
79	26	56	53
23	53	80	80
71	23	13	5
28	86	56	9
66	92	33	97
50	58	15	80
47	62	61	100
82	65	47	50
9	27	80	29
25	92	13	81
18	1	45	86
68	2	3	29
37	75	77	34
75	79	28	90
36	15	28	8
62	33	86	23
71	10	99	22
72	25	56	51
100	10	31	15
81	63	8	36
74	14	12	66
84	77	67	45
89	44	36	43
24	99	20	86
29	68	1	80
97	99	71	21
25	77	84	85
22	46	41	68
28	36	79	37
31	38	4	72
57	44	52	93
81	91	27	5
94	10	93	13
7	11	83	21
46	61	9	90
52	37	84	12
34	50	89	28
66	56	43	4
43	7	22	73
98	84	14	51
31	71	73	72
17	100	100	65
4	86	11	22
3	72	81	79
49	98	37	41
20	18	55	42
32	22	11	54
84	70	93	85
64	15	74	37
66	56	13	28
100	13	93	31
56	68	34	58
49	99	97	23
36	27	66	74
2	59	93	94
55	98	100	74
61	88	89	44
72	62	23	71
46	32	73	4
17	75	37	27
74	63	71	71
13	51	33	60
78	70	39	95
60	51	24	24
49	89	73	30
23	98	28	45
62	52	33	13
63	39	90	65
27	2	80	100
6	21	65	47
20	8	51	78
3	47	11	6
58	83	60	8
4	12	37	31
62	67	92	92
3	32	87	34
30	45	53	96
54	38	19	78
53	3	37	59
45	28	37	6
78	88	18	1
9	61	50	57
57	87	75	80
68	7	22	24
65	68	90	13
84	17	96	52
77	93	49	49
72	44	100	98
2	11	44	93
27	44	5	20
7	69	14	87
20	60	99	8
40	26	19	35
69	17	81	18
86	36	9	24
77	67	12	85
4	59	21	89
23	48	71	71
46	17	7	63
5	92	91	63
48	83	78	56
30	1	62	37
93	92	15	44
33	76	56	76
74	88	94	63
8	71	20	80
66	25	16	73
28	20	63	58
66	39	39	61
77	41	94	10
55	23	59	26
68	16	28	44
48	42	42	86
57	51	62	12
64	90	34	99
70	67	64	75
9	99	60	71
66	79	3	21
78	7	9	75
87	92	76	63
29	88	42	96
68	60	1	78
88	94	32	65
16	22	40	52
41	65	87	52
68	25	37	70
57	29	100	45
72	73	25	68
97	13	33	64
41	84	7	95
42	66	75	82
32	8	32	46
21	90	93	87
2	92	23	8
65	24	19	70
78	68	84	49
51	87	96	10
5	70	57	65
68	76	94	38
53	85	15	67
82	99	50	14
63	23	67	81
53	84	57	76
17	61	72	38
16	91	83	6
22	78	10	66
97	28	39	52
84	42	75	6
72	75	39	70
3	67	39	75
26	88	55	70
27	45	56	60
48	24	63	69
96	65	81	89
43	23	37	11
43	76	62	29
73	43	92	89
33	96	67	88
28	25	93	4
44	65	66	6
43	84	35	100
9	62	75	6
17	33	72	38
34	72	24	61
31	63	73	26
16	26	31	63
28	77	74	53
5	7	4	14
56	91	45	71
33	5	33	82
42	94	26	1
14	44	12	42
16	30	6	52
29	35	67	15
43	87	66	78
19	50	1	70
80	45	83	42
81	76	51	47
63	78	37	99
14	32	35	97
81	55	87	54
12	42	80	39
9	91	53	59
89	7	32	2
83	89	16	4
30	77	9	50
51	10	86	15
1	22	28	91
26	72	12	1
99	90	35	55
9	83	88	99
11	23	99	57
8	77	91	39
38	68	85	9
17	9	17	94
87	37	60	24
76	50	23	74
29	19	25	30
33	48	90	12
61	26	61	5
94	81	27	11
51	45	13	62
63	60	65	59
26	62	45	89
12	38	11	66
66	33	46	37
57	15	44	89
23	10	7	52
98	83	56	3
36	17	98	81
56	80	50	9
7	7	33	65
70	87	86	6
36	73	85	54
21	100	95	88
32	69	91	59
97	35	70	86
39	68	94	96
66	74	56	54
43	1	92	11
59	64	42	40
27	36	84	64
21	44	77	50
96	28	42	52
4	15	76	94
90	74	8	88
79	100	29	78
3	24	60	69
5	87	29	66
75	56	73	31
100	77	47	43
6	96	17	5
1	94	12	33
14	23	41	84
62	27	96	34
66	72	41	47
67	58	45	97
22	70	42	13
50	8	79	58
53	45	35	78
23	96	53	66
48	44	33	58
53	28	37	39
43	78	74	73
26	4	69	88
45	26	86	67
81	21	50	71
78	48	56	42
43	30	80	30
27	32	61	4
44	43	91	7
34	90	39	45
78	21	41	22
18	38	68	13
84	22	62	39
64	91	39	41
2	70	85	69
69	88	16	41
51	69	47	70
83	96	72	83
1	53	7	20
97	38	75	59
52	14	92	85
80	55	92	58
53	54	86	74
73	39	71	80
39	29	23	47
24	4	48	50
75	89	50	41
54	38	90	59
73	78	28	30
20	88	16	28
39	72	74	87
4	100	79	53
98	60	63	97
22	29	7	58
64	28	76	54
100	74	85	77
51	48	81	71
55	26	62	32
28	29	95	49
54	70	1	53
55	76	43	70
53	82	98	2
29	17	67	87
15	59	33	65
73	19	24	95
4	13	27	35
86	53	37	69
42	18	19	92
100	100	49	86
93	65	29	64
88	100	49	7
9	23	92	39
30	38	59	95
41	81	9	34
76	85	55	27
86	92	59	63
57	34	64	28
46	45	74	25
50	33	46	36
16	93	76	19
48	81	66	71
34	100	10	63
96	63	19	100
20	4	92	26
51	32	10	51
56	55	13	94
52	27	66	30
2	29	75	74
8	83	52	75
38	62	23	63
80	77	60	81
81	67	28	74
17	89	50	58
33	72	7	50
56	20	89	40
11	64	52	25
99	74	73	98
72	5	43	38
88	37	52	92
27	37	74	85
52	64	53	85
18	49	24	66
48	21	80	77
25	9	29	41
30	96	68	62
64	55	26	75
73	29	18	7
94	58	98	41
29	57	59	29
91	3	13	68
94	98	80	80
6	61	14	49
20	46	56	95
65	21	49	66
73	56	38	40
63	16	25	12
19	70	58	22
50	13	16	66
62	69	7	6
100	62	13	53
37	17	81	11
39	35	88	19
57	81	68	45
63	52	51	80
4	54	93	4
73	32	94	50
89	100	41	61
36	27	38	72
30	76	42	6
25	88	79	57
61	30	77	55
38	39	56	61
54	34	66	44
47	98	37	48
71	31	97	73
1	98	50	35
9	36	76	28
41	49	34	89
3	32	8	35
42	54	58	75
62	74	85	9
28	97	49	58
36	40	7	73
70	85	69	88
49	5	38	44
3	31	82	53
55	23	79	85
10	12	63	78
74	30	98	36
24	28	16	65
73	58	41	90
41	22	29	73
60	71	32	83
99	65	21	68
46	2	69	18
73	59	15	63
75	69	22	92
65	5	14	27
55	2	70	6
62	53	53	66
11	11	66	64
34	68	62	36
97	79	91	30
40	52	48	84
34	30	74	32
75	30	42	10
49	33	39	29
100	89	68	2
98	78	22	58
25	93	30	48
8	51	78	40
46	3	8	55
53	85	18	63
84	64	81	65
24	69	5	94
50	48	95	33
38	10	21	13
9	21	74	84
49	99	51	62
5	96	12	98
82	27	8	47
49	51	22	94
25	70	93	39
98	51	76	29
85	6	35	46
66	88	38	65
96	55	62	82
96	35	12	69
53	53	69	64
87	12	77	26
90	56	11	42
15	8	29	76
31	32	24	79
76	20	82	80
49	6	47	27
95	54	46	95
13	11	33	38
93	24	5	52
16	23	23	76
29	53	60	94
11	94	12	93
81	65	37	93
83	17	99	67
40	64	49	72
34	66	90	35
9	58	74	33
90	56	63	1
82	6	95	66
96	91	16	48
72	47	81	42
25	3	47	9
63	39	64	93
27	16	34	98
82	71	75	61
44	93	49	4
61	25	9	76
93	2	20	46
21	69	45	79
66	53	55	86
58	11	29	70
94	62	64	66
79	52	16	42
43	22	11	25
48	21	10	66
1	84	72	63
45	46	70	62
30	29	20	6
2	27	98	19
54	18	51	48
8	57	47	43
70	64	8	69
16	79	38	78
78	50	82	95
27	6	21	29
46	65	18	94
87	95	65	58
51	91	30	3
33	66	30	83
13	71	93	58
11	6	99	18
19	92	24	3
73	54	63	68
64	77	85	33
87	99	12	3
96	97	88	11
8	84	94	33
49	14	30	18
16	3	28	67
87	68	86	14
62	15	65	65
67	22	26	89
51	20	21	95
97	81	95	59
47	95	40	22
7	85	33	19
38	98	13	8
30	1	8	65
3	45	100	63
70	86	11	60
1	27	41	37
15	94	38	68
12	96	79	73
67	69	48	56
31	79	9	84
53	88	73	56
34	34	46	69
13	73	37	65
35	65	66	5
67	40	91	11
4	23	94	87
16	48	57	19
75	81	91	76
64	64	31	85
3	12	22	35
40	83	73	78
63	13	8	24
5	44	59	40
71	63	54	7
90	34	69	3
27	2	40	97
8	7	76	41
3	79	61	16
100	2	35	54
69	91	73	79
23	37	96	29
8	80	47	88
96	57	86	97
20	23	92	43
93	49	12	94
77	78	21	76
97	20	16	84
83	94	79	11
26	14	41	85
98	92	59	9
84	11	4	66
61	94	67	68
30	14	51	77
18	17	61	89
16	52	17	28
71	23	61	91
83	29	57	35
4	96	42	33
1	88	78	92
5	11	89	94
34	11	74	65
18	16	45	37
36	5	92	87
44	5	69	14
23	45	2	2
14	19	29	58
44	41	5	97
76	47	63	68
4	16	68	10
74	9	39	33
69	99	66	66
31	64	71	62
36	82	53	29
4	71	19	37
14	25	17	2
21	28	8	28
67	83	90	12
7	56	18	5
3	100	78	26
85	96	40	45
31	39	55	93
92	13	76	31
78	8	17	90
5	22	79	56
76	19	88	38
68	43	26	35
17	92	42	82
67	39	29	55
36	21	44	11
36	31	88	1
97	85	17	86
93	41	59	71
2	9	84	95
31	51	80	55
96	57	44	25
25	15	92	49
100	32	98	64
25	60	6	53
80	3	36	13
76	93	19	7
97	27	17	73
54	54	86	40
48	17	93	61
60	47	75	28
70	73	21	73
61	82	10	51
57	32	42	58
37	60	72	6
36	85	85	77
47	79	100	64
80	73	23	56
44	20	75	49
30	26	30	53
26	31	37	94
46	30	21	57
83	64	95	17
7	9	13	10
96	10	98	15
23	74	60	84
40	16	13	43
37	37	34	48
61	35	66	98
24	58	36	97
68	6	88	42
9	18	18	82
23	3	95	79
26	20	81	96
1	27	26	29
18	8	7	57
35	10	95	50
62	10	66	47
72	87	70	12
61	46	96	70
95	59	90	91
63	63	56	7
70	32	19	79
87	41	95	75
82	64	41	19
69	25	95	67
91	14	98	59
57	35	79	86
99	25	89	57
64	10	83	72
39	72	15	80
55	54	10	34
55	94	71	32
74	74	64	39
95	55	85	65
52	24	17	74
43	28	29	26
68	97	48	35
41	40	43	8
86	46	81	1
99	23	76	99
30	70	70	78
67	100	80	64
44	29	85	61
48	90	86	60
65	28	58	1
6	87	90	16
36	34	51	67
11	90	45	1
4	2	66	86
53	63	97	10
8	45	18	3
45	6	21	12
68	25	87	76
81	13	97	22
43	30	85	76
15	48	54	44
20	77	47	25
5	77	21	69
77	1	13	98
17	66	36	73
81	19	89	93
56	19	47	88
33	80	92	13
38	46	89	41
77	45	72	74
4	49	80	20
27	55	97	44
4	33	40	23
83	88	29	17
66	83	98	32
28	96	5	35
46	14	68	10
24	93	40	65
89	42	3	13
8	1	13	62
54	93	44	23
19	13	78	91
84	21	32	87
52	25	85	88
14	10	70	27
75	69	17	25
65	72	93	40
32	87	100	72
47	38	21	99
92	48	76	91
36	84	41	88
100	84	87	24
69	10	76	89
72	60	59	40
46	93	50	26
46	2	72	20
28	35	13	37
92	12	58	19
7	34	6	29
84	54	14	32
47	70	77	83
91	7	88	24
35	80	80	28
42	6	43	60
86	98	94	56
68	31	49	33
50	88	28	85
65	39	58	76
59	52	69	61
64	7	92	47
21	2	91	32
32	20	42	31
27	43	24	7
80	2	59	27
98	82	76	63
37	88	57	89
8	17	22	74
20	55	91	45
31	75	63	91
63	39	24	66
82	69	76	53
35	88	55	41
35	65	67	41
91	3	88	13
83	47	65	49
65	25	52	39
42	59	46	24
84	26	91	82
89	50	59	45
73	78	74	9
59	86	10	34
34	82	48	69
67	38	93	10
28	56	32	9
6	12	91	85
39	25	88	95
92	57	20	64
83	53	46	20
23	80	49	30
19	78	1	72
78	91	52	13
28	98	27	1
4	49	31	76
33	92	83	39
93	80	18	50
49	52	43	63
51	72	48	11
33	79	57	56
31	13	39	21
19	39	34	93
49	28	12	3
46	11	41	52
26	30	24	49
23	48	24	26
96	67	8	53
16	35	70	10
24	98	73	2
29	56	91	50
17	45	3	73
68	4	62	23
77	28	67	57
99	43	78	62
6	12	100	23
53	50	18	22
61	88	3	35
78	20	91	28
71	18	53	18
15	31	85	52
70	92	37	55
65	19	95	3
59	67	14	24
17	83	38	65
73	38	73	42
56	15	62	51
14	65	66	68
3	26	55	32
71	93	52	68
31	71	3	50
19	39	71	63
52	19	97	85
71	60	65	72
91	98	17	17
83	92	58	90
36	91	84	51
69	8	35	83
21	55	8	37
89	93	78	10
78	32	11	3
86	51	74	18
93	40	88	29
100	55	83	85
3	56	10	8
53	96	40	53
26	63	32	87
17	63	34	78
67	42	9	80
70	26	58	17
44	17	82	23
90	54	55	12
12	28	51	34
41	76	11	82
51	90	37	37
76	42	47	1
16	47	11	18
78	14	6	4
9	49	52	57
27	91	82	54
85	33	11	93
91	31	21	70
82	17	18	2
71	2	43	80
43	91	64	13
73	20	76	8
13	59	29	18
20	49	17	14
75	31	66	60
56	72	52	7
30	39	84	23
22	92	67	77
85	64	60	49
43	65	43	74
37	95	15	7
22	1	6	82
20	17	16	70
18	62	72	33
28	11	81	10
16	50	63	32
60	59	93	42
80	19	36	2
60	48	52	72
83	22	93	34
44	36	17	9
75	44	68	76
9	25	12	65
9	68	37	30
79	52	29	18
82	57	96	64
17	77	100	22
28	51	42	67
57	18	1	2
31	41	44	98
85	14	92	75
15	67	90	61
30	74	36	57
49	74	20	22
75	99	92	72
48	4	30	35
10	11	78	5
46	70	17	88
22	41	83	10
26	100	21	65
31	46	1	96
39	73	63	25
90	92	94	13
54	64	19	34
35	73	80	40
45	44	16	61
66	89	74	37
36	5	57	60
55	83	97	71
21	85	50	5
52	75	22	90
30	75	98	89
93	36	5	35
86	87	52	19
30	46	85	15
56	57	25	85
29	77	64	25
38	58	42	63
87	16	62	43
74	25	52	16
78	13	78	66
37	11	15	31
56	32	55	84
34	77	13	20
49	93	87	76
48	18	45	16
69	13	53	61
88	3	86	76
3	89	60	60
67	80	73	44
45	63	2	35
42	44	46	45
13	31	36	53
21	40	83	49
52	74	65	59
91	72	23	44
26	31	44	49
15	53	69	93
85	29	51	56
84	78	29	69
39	96	50	61
98	67	20	69
82	96	51	82
44	67	40	73
94	20	28	10
86	56	4	83
84	73	26	34
77	21	92	34
12	11	53	2
48	27	59	88
99	81	76	85
30	30	42	37
42	69	70	44
93	100	57	85
59	53	46	69
85	12	39	87
85	60	18	58
92	87	36	88
22	96	35	54
32	80	36	33
50	36	3	44
73	73	34	75
67	38	21	39
69	12	54	5
44	14	26	38
44	26	83	17
47	52	14	3
71	49	86	4
71	56	78	7
89	97	44	35
36	84	56	35
29	38	47	33
98	88	42	57
9	84	64	53
68	83	98	53
18	28	50	88
66	4	62	55
99	76	49	21
9	100	43	62
32	62	2	44
59	5	81	2
81	43	60	97
53	91	68	92
91	92	68	15
48	2	27	4
43	17	86	82
42	82	19	70
41	18	96	47
39	17	47	4
46	86	83	35
47	84	4	12
33	49	62	15
65	94	65	74
16	76	25	89
13	67	70	66
81	4	78	14
34	83	100	29
52	89	93	29
97	84	61	37
21	56	44	12
62	23	43	70
50	86	93	33
60	72	57	18
21	43	33	74
5	80	48	32
67	100	31	70
3	77	23	99
39	36	53	59
14	61	11	26
2	95	14	67
26	63	35	91
2	92	50	96
47	94	86	88
4	84	92	50
80	42	78	65
43	88	4	12
5	78	13	82
14	15	53	67
72	60	29	74
80	8	66	82
30	49	41	6
39	19	19	14
66	57	75	63
85	43	38	5
69	71	21	19
53	52	71	94
82	53	5	30
97	32	15	23
21	48	14	14
59	11	24	55
78	62	9	52
23	54	71	69
55	56	28	64
86	2	38	87
36	91	13	70
68	45	44	9
66	40	15	90
49	54	3	67
78	36	62	13
71	46	11	56
99	77	94	26
84	54	3	37
85	34	48	10
40	75	3	77
68	46	41	72
85	55	46	66
80	72	88	15
46	39	32	29
70	74	84	75
29	46	32	43
25	99	65	87
87	61	96	39
44	5	38	79
41	63	15	92
85	18	7	29
53	76	30	56
90	63	5	55
10	63	44	50
95	7	69	10
61	30	13	68
51	64	75	47
91	91	88	90
92	87	11	31
7	13	24	57
10	4	24	23
23	39	97	60
36	12	97	35
32	6	59	72
66	8	28	14
50	92	60	34
57	38	33	9
32	18	47	49
95	100	31	82
24	94	44	99
32	51	52	45
85	99	56	78
92	30	100	66
62	31	17	4
9	61	85	70
73	92	50	35
22	9	28	8
84	58	71	59
57	38	36	8
18	89	62	20
63	100	45	40
43	37	41	67
83	6	13	28
63	21	24	8
99	43	92	28
89	94	7	18
83	28	64	88
19	38	69	41
29	28	79	27
13	24	57	97
25	33	21	70
17	65	17	17
80	72	80	45
31	63	96	66
14	39	99	94
30	30	29	79
18	58	27	68
40	8	18	56
46	52	52	5
43	48	80	7
35	13	100	38
55	67	79	5
15	9	11	47
91	47	96	34
77	64	16	18
71	46	19	57
36	75	68	99
93	6	75	89
21	61	47	22
3	22	73	67
37	18	67	99
10	16	100	25
51	55	12	82
79	81	76	90
38	33	74	13
7	13	85	47
65	83	43	96
50	65	35	18
95	70	63	91
75	97	90	98
25	92	81	74
48	42	68	94
3	21	76	68
82	100	14	60
33	37	91	54
29	43	99	56
1	19	33	47
97	38	57	75
7	13	16	64
57	100	92	76
89	97	68	77
42	29	15	98
64	61	66	50
18	93	28	78
10	13	17	64
41	62	21	37
53	3	95	52
62	57	92	89
92	73	22	66
100	91	52	27
35	28	40	36
86	11	91	30
84	93	43	13
35	37	67	79
83	67	81	46
10	95	21	48
63	85	54	42
96	38	83	57
61	44	54	80
9	77	86	98
93	92	98	36
66	2	30	18
84	26	18	47
98	44	38	38
36	87	36	86
96	16	70	31
77	51	77	30
31	43	93	26
99	7	27	52
63	39	57	17
52	31	22	60
96	41	78	6
59	59	30	81
72	58	75	77
96	27	19	75
54	30	39	89
49	83	38	75
28	87	71	47
29	23	49	92
49	78	94	100
62	18	100	89
21	42	35	80